132 16
271 8
422 16
563 4
710 8
863 25
1021 12
1173 8
1326 8
1464 4
1613 4
1768 8
1918 58
2067 83
2213 100
2354 4
2500 79
2650 62
2805 0
2948 83
3093 83
3246 0
3402 83
3543 100
3701 100
3853 100
4010 87
4164 41
4302 0
4444 75
4600 83
4745 87
4884 87
5047 91
5192 100
5335 100
5474 100
5629 100
5790 100
5943 100
6096 100
6249 100
6396 91
6545 41
6697 0
6844 0
6992 0
7143 0
7296 0
7453 0
7607 0
7770 0
7923 0
8064 0
8214 0
8356 0
8497 0
8643 0
8801 0
8948 0
9106 0
9246 0
9399 0
9541 0
9702 0
9867 20
10014 83
10169 95
10321 70
10472 37
10619 70
10781 29
10927 66
11071 83
11224 0
11368 83
11515 87
11663 95
11819 87
11972 95
12130 75
12270 45
12424 37
12580 87
12744 87
12891 87
13040 87
13187 100
13326 95
13472 100
13623 100
13779 100
13921 100
14062 100
14216 100
14356 100
14498 100
14645 100
14795 100
14947 91
15089 87
15246 54
15391 54
15539 50
15706 50
15857 33
16016 8
16166 0
16309 0
16461 0
16600 0
16762 0
16905 0
17054 0
17208 0
17347 4
17503 0
17663 70
17819 100
17977 75
18130 29
18279 70
18422 70
18582 62
18739 75
18888 0
19036 33
19185 79
19329 91
19476 91
19624 83
19779 70
19935 0
20091 87
20234 100
20387 100
20530 100
20694 100
20839 100
20999 100
21153 100
21302 100
21446 100
21601 100
21759 100
21913 100
22065 91
22206 70
22349 54
22489 37
22648 29
22797 20
22941 12
23085 4
23235 0
23387 0
23532 0
23692 4
23842 0
24016 0
24155 0
24314 0
24465 0
24623 0
24776 0
24918 0
25071 0
25211 0
25350 0
25495 29
25653 87
25803 83
25945 41
26105 29
26241 75
26393 54
26535 0
26693 83
26844 29
26996 0
27139 41
27282 87
27438 95
27606 100
27756 100
27906 100
28063 83
28219 4
28389 29
28530 79
28685 100
28824 95
28988 100
29135 100
29278 100
29431 100
29573 100
29729 100
29882 100
30030 100
30178 100
30321 87
30461 70
30614 54
30759 29
30917 4
31066 0
31205 8
31347 0
31500 4
31650 8
31796 0
31939 8
32099 4
32246 0
32424 8
32575 4
32731 0
32877 0
33027 8
33166 4
33308 4
33460 4
33604 0
33756 0
33901 0
34056 0
34206 0
34349 0
34492 0
34648 0
34797 0
34945 0
35100 0
35239 0
35380 0
35531 0
35696 0
35842 0
35986 0
36142 0
36285 0
36442 0
36600 0
36751 0
36909 0
37061 0
37213 0
37354 0
37495 0
37646 0
37793 0
37956 0
38108 0
38260 0
38404 0
38552 0
38704 0
38849 0
39006 0
39160 0
39303 0
39444 0
39604 0
39755 0
39900 0
40051 0
40203 0
40343 0
40499 0
40645 0
40796 0
40957 0
41107 0
41245 0
41390 0
41545 0
41691 0
41840 0
41984 0
42140 0
42278 0
42430 0
42588 0
42739 0
42882 0
43026 0
43184 0
43338 0
43491 0
43655 0
43801 70
43950 100
44100 100
44243 100
44399 0
44555 0
44716 0
44869 66
45019 100
45175 100
45314 100
45453 100
45617 29
45753 0
45898 0
46050 0
46193 0
46345 29
46488 100
46644 100
46804 0
46955 4
47107 95
47249 16
47390 91
47546 70
47697 37
47838 0
47995 4
48147 20
48288 16
48430 91
48595 100
48740 100
48889 0
49034 100
49177 100
49330 100
49473 0
49634 0
49783 0
49935 91
50083 100
50241 0
50380 95
50538 87
50691 95
50847 100
51003 8
51154 0
51299 0
51453 0
51614 0
51769 0
51918 0
52065 0
52241 0
52377 0
52537 0
52689 0
52840 0
52994 100
53136 95
53279 100
53431 95
53595 75
53742 0
53890 0
54043 0
54195 100
54341 87
54493 100
54652 100
54804 29
54957 0
55097 0
55261 0
55461 0
55685 75
55909 33
56139 0
56315 0
56499 45
56697 66
56881 0
57041 54
57197 0
57352 50
57511 58
57673 100
57819 100
57983 0
58131 62
58286 0
58461 41
58632 50
58785 83
58950 87
59107 45
59247 54
59393 0
59558 41
59700 54
59845 25
59999 41
60155 66
60310 70
60466 12
60612 50
60761 0
60919 83
61069 79
61211 12
61354 0
61512 0
61664 0
61806 0
61962 0
62115 91
62256 91
62408 95
62560 100
62709 25
62856 0
63010 0
63161 50
63306 83
63456 87
63619 83
63772 45
63928 0
64081 0
64223 0
64362 0
64520 0
64677 83
64821 0
64974 58
65126 0
65265 41
65411 0
65569 37
65717 0
65870 41
66018 0
66156 50
66313 0
66477 33
66620 54
66762 54
66910 4
67059 0
67197 75
67341 4
67499 58
67667 0
67824 87
67978 87
68117 54
68257 70
68399 29
68560 0
68709 0
68854 0
69009 0
69157 66
69298 37
69438 8
69593 20
69735 37
69883 0
70030 66
70175 87
70328 70
70472 4
70624 50
70776 0
70941 0
71076 0
71228 91
71364 87
71523 83
71666 87
71813 100
71968 87
72119 58
72257 20
72400 0
72563 0
72710 0
72858 0
73011 0
73157 0
73303 4
73461 4
73610 0
73751 62
73903 62
74046 70
74195 0
74344 50
74490 0
74643 58
74786 0
74937 62
75094 0
75248 70
75389 0
75546 58
75696 0
75849 87
75994 79
76134 45
76279 45
76433 0
76581 16
76725 0
76873 45
77022 75
77163 75
77308 12
77453 50
77603 0
77752 75
77898 79
78050 4
78202 8
78335 45
78504 50
78649 70
78801 0
78954 20
79100 16
79263 95
79406 100
79562 100
79703 95
79855 62
80007 0
80157 0
80313 0
80468 0
80620 0
80777 0
80930 100
81073 79
81214 79
81370 4
81529 83
81679 12
81828 95
81981 91
82134 0
82276 91
82432 100
82584 100
82739 100
82887 100
83034 29
83177 0
83331 0
83482 0
83635 4
83773 8
83924 8
84078 12
84219 0
84361 0
84511 0
84660 0
84822 0
84973 0
85120 4
85263 16
85419 83
85572 100
85711 0
85858 29
86010 54
86151 45
86305 12
86457 100
86607 100
86760 0
86913 91
87054 100
87194 100
87338 100
87498 100
87645 100
87792 100
87931 100
88085 0
88239 0
88395 0
88553 4
88708 0
88865 4
89020 4
89164 0
89318 0
89474 4
89627 4
89773 0
89923 0
90065 100
90220 4
90375 20
90535 70
90687 0
90846 87
91000 100
91150 29
91296 0
91447 100
91591 100
91731 100
91886 100
92028 91
92169 0
92323 0
92485 0
92633 4
92778 8
92929 4
93093 4
93249 0
93398 4
93544 0
93692 0
93838 0
93995 0
94146 0
94290 0
94451 0
94599 87
94743 0
94909 25
95055 33
95209 25
95365 66
95522 100
95661 87
95823 0
95973 100
96124 100
96267 100
96427 100
96578 95
96718 0
96875 0
97015 0
97173 0
97326 0
97494 4
97636 0
97782 0
97936 0
98091 0
98229 0
98387 0
98549 0
98700 0
98853 0
98999 0
99150 0
99290 4
99451 4
99599 4
99742 8
99897 12
100048 12
100193 12
100351 16
100508 12
100669 16
100813 100
100970 100
101124 100
101264 12
101411 0
101567 0
101716 0
101870 100
102014 100
102155 100
102311 100
102476 16
102626 0
102785 0
102944 4
103093 20
103249 0
103416 100
103575 20
103718 0
103871 41
104025 33
104166 75
104308 29
104468 87
104602 0
104761 91
104907 0
105052 25
105194 0
105361 95
105510 91
105659 91
105816 0
105958 100
106104 100
106248 50
106415 25
106559 12
106701 58
106857 87
107016 45
107156 8
107304 100
107458 70
107601 83
107752 83
107900 37
108057 0
108216 100
108373 50
108522 8
108665 91
108820 83
108965 87
109130 0
109268 95
109419 87
109566 91
109709 8
109848 91
109987 100
110131 100
110283 100
110432 50
110581 0
110722 0
110874 0
111020 0
111172 0
111317 4
111477 54
111626 95
111788 0
111941 83
112080 37
112232 4
112384 0
112530 0
112669 0
112826 83
112965 87
113113 95
113260 87
113417 0
113558 79
113700 0
113853 62
113992 0
114136 50
114277 0
114438 87
114586 75
114731 0
114882 62
115023 91
115164 91
115323 0
115473 0
115617 0
115779 50
115927 87
116066 37
116220 66
116369 87
116523 20
116676 0
116840 0
116984 0
117132 0
117282 4
117444 0
117597 4
117745 16
117892 8
118035 0
118188 66
118351 0
118501 66
118643 54
118801 0
118959 91
119107 100
119252 79
119407 41
119559 100
119707 0
119853 0
119994 70
120135 100
120290 29
120435 0
120589 0
120749 45
120899 4
121064 0
121218 0
121373 0
121519 87
121676 54
121828 0
121971 0
122127 20
122271 16
122429 37
122587 4
122742 16
122909 20
123056 0
123216 95
123369 4
123524 100
123662 91
123812 100
123965 33
124107 100
124263 100
124424 33
124575 4
124722 0
124871 33
125025 87
125166 100
125312 8
125465 100
125605 100
125763 100
125921 58
126062 0
126213 0
126373 4
126520 0
126664 8
126819 4
126969 0
127113 0
127259 0
127416 0
127568 4
127727 12
127875 41
128017 79
128159 100
128315 100
128468 91
128610 4
128768 0
128910 0
129047 4
129201 100
129365 100
129512 100
129657 66
129808 0
129951 0
130093 0
130246 0
130390 0
130541 62
130686 83
130837 0
130987 0
131139 91
131280 0
131435 58
131587 0
131736 66
131871 0
132042 54
132182 0
132346 54
132489 0
132633 83
132788 0
132933 0
133082 83
133238 0
133397 0
133535 0
133695 95
133828 100
133968 0
134110 0
134249 83
134403 0
134545 0
134692 0
134841 0
135003 83
135139 100
135284 0
135437 20
135593 20
135747 62
135895 0
136044 79
136188 0
136346 4
136497 37
136640 12
136791 95
136934 0
137085 0
137227 0
137390 0
137534 0
137681 87
137831 0
137984 12
138128 0
138285 70
138436 0
138575 91
138722 100
138872 16
139012 54
139156 100
139302 100
139451 95
139601 100
139756 29
139901 0
140057 0
140197 0
140367 0
140508 0
140659 0
140806 8
140946 0
141102 4
141260 8
141411 4
141550 8
141700 4
141845 0
141989 0
142132 0
142278 91
142427 0
142569 50
142724 16
142878 16
143014 0
143156 87
143311 95
143455 0
143608 62
143763 66
143906 58
144044 83
144185 100
144347 100
144494 100
144635 0
144787 0
144935 0
145085 8
145243 4
145398 4
145544 12
145699 4
145846 4
145990 0
146146 4
146308 12
146455 0
146599 0
146755 79
146910 0
147053 0
147204 12
147356 16
147512 0
147666 79
147816 45
147969 0
148107 79
148253 83
148406 79
148547 87
148707 95
148860 8
149037 0
149169 0
149317 25
149467 20
149625 8
149776 4
149917 12
150058 12
150201 8
150360 16
150507 12
150655 12
150826 0
150959 0
151100 8
151246 87
151397 0
151533 20
151692 0
151833 25
151973 29
152133 100
152292 79
152439 0
152580 91
152735 91
152879 100
153021 100
153173 45
153334 0
153489 0
153655 25
153795 12
153934 4
154077 8
154220 8
154376 4
154527 4
154681 4
154825 4
154968 4
155121 4
155268 4
155418 8
155560 0
155716 4
155869 8
156026 4
156182 12
156334 8
156473 4
156621 0
156771 8
156911 8
157057 8
157212 8
157367 20
157507 37
157657 33
157801 29
157946 66
158100 0
158247 45
158396 33
158536 33
158692 45
158832 33
158974 0
159127 50
159272 33
159422 41
159566 20
159724 91
159878 0
160032 87
160179 0
160330 0
160483 16
160626 8
160774 12
160913 8
161053 12
161201 12
161357 20
161497 16
161657 0
161801 0
161943 25
162095 4
162248 12
162392 16
162536 12
162690 0
162835 0
162973 8
163126 4
163276 29
163422 0
163562 12
163709 0
163859 8
164003 8
164156 29
164304 83
164451 87
164599 100
164747 0
164889 0
165038 0
165191 0
165343 0
165497 0
165658 0
165812 8
165963 8
166121 25
166277 20
166431 54
166577 25
166729 33
166882 45
167026 29
167168 37
167317 70
167457 0
167605 0
167754 0
167915 45
168053 0
168212 54
168365 54
168514 33
168663 62
168818 16
168969 75
169110 100
169256 8
169402 0
169546 0
169702 0
169854 0
169996 0
170156 4
170311 0
170469 4
170613 8
170758 20
170902 41
171045 20
171203 29
171356 20
171496 4
171654 66
171812 58
171958 12
172099 16
172259 12
172407 58
172557 8
172707 58
172864 37
173018 20
173163 91
173315 41
173453 66
173605 100
173739 8
173894 0
174047 0
174212 20
174360 16
174514 16
174660 16
174796 12
174949 25
175090 50
175236 45
175386 37
175535 25
175683 25
175840 54
175993 0
176129 91
176278 25
176428 4
176579 66
176724 29
176867 0
177021 100
177167 95
177318 0
177462 100
177623 100
177771 100
177936 100
178082 100
178232 33
178377 0
178520 8
178673 0
178818 0
178960 8
179112 8
179275 4
179423 4
179570 0
179717 4
179865 4
180015 4
180174 0
180323 4
180467 0
180624 87
180772 8
180921 0
181075 0
181236 45
181395 0
181559 83
181699 41
181857 0
182011 83
182154 83
182302 45
182461 95
182619 100
182772 100
182912 75
183053 0
183212 8
183369 4
183519 12
183672 12
183824 8
183980 4
184133 4
184286 0
184443 4
184605 12
184752 4
184895 0
185050 75
185206 0
185359 45
185505 0
185659 58
185819 0
185980 83
186116 0
186264 0
186415 91
186566 100
186712 100
186855 100
187009 50
187161 0
187308 0
187447 0
187608 0
187755 4
187903 0
188053 0
188199 0
188352 0
188494 0
188645 0
188786 0
188930 0
189083 0
189243 0
189395 0
189555 37
189711 54
189851 0
190000 41
190165 12
190315 41
190468 79
190636 33
190788 0
190936 87
191078 95
191239 95
191390 100
191534 100
191690 62
191830 8
191982 0
192143 0
192292 0
192434 0
192592 0
192744 0
192898 0
193044 0
193202 0
193353 0
193510 0
193659 0
193808 0
193958 0
194104 0
194257 0
194410 0
194562 0
194703 0
194847 0
195000 0
195153 0
195299 0
195451 4
195599 83
195750 100
195893 100
196037 100
196201 0
196343 0
196485 0
196638 58
196782 100
196933 100
197081 100
197232 100
197378 0
197530 0
197682 0
197824 4
197965 0
198127 25
198277 41
198441 0
198579 0
198726 87
198869 0
199024 87
199185 0
199342 0
199499 16
199647 0
199790 4
199946 12
200109 91
200264 100
200411 100
200562 8
200704 100
200848 100
200988 0
201150 0
201296 0
201437 0
201583 91
201735 87
201890 0
202034 25
202193 4
202342 83
202502 91
202660 70
202811 50
202965 54
203131 0
203274 0
203428 100
203573 100
203725 100
203867 16
204019 100
204172 83
204322 0
204472 0
204626 41
204774 95
204927 87
205087 16
205240 0
205381 0
205529 0
205673 0
205818 12
205970 25
206120 70
206267 87
206423 29
206580 100
206737 91
206905 95
207032 91
207186 4
207327 0
207483 0
207636 66
207781 83
207933 87
208082 4
208228 62
208374 0
208537 50
208682 0
208821 54
208966 0
209121 83
209280 41
209418 0
209571 75
209726 29
209868 0
210022 0
210173 0
210319 0
210464 83
210617 79
210762 4
210913 100
211072 41
211230 0
211369 0
211527 8
211677 0
211820 0
211972 0
212120 4
212257 0
212415 0
212566 4
212721 16
212876 4
213032 25
213191 4
213349 8
213505 8
213652 8
213797 8
213951 16
214114 12
214262 0
214405 4
214556 16
214700 16
214842 12
214997 16
215157 16
215306 12
215463 4
215617 12
215762 8
215916 12
216075 12
216228 12
216371 8
216530 12
216677 16
216819 12
216973 12
217120 8
217270 12
217414 12
217567 16
217707 8
217850 12
217993 16
218151 20
218299 12
218447 4
218599 8
218756 8
218901 8
219050 4
219196 8
219346 16
219508 16
219657 20
219798 16
219954 12
220117 4
220266 8
220421 8
220577 8
220734 12
220888 12
221046 12
221201 12
221357 8
221507 8
221652 12
221794 8
221948 8
222121 12
222266 12
222416 8
222574 12
222731 8
222882 0
223033 87
223184 0
223332 4
223486 0
223640 41
223782 12
223926 100
224078 100
224221 0
224364 100
224534 79
224678 100
224833 100
224984 25
225137 0
225284 0
225438 4
225594 4
225740 0
225891 8
226050 0
226202 0
226343 4
226503 0
226651 0
226796 0
226950 0
227108 0
227259 0
227404 58
227554 75
227694 62
227839 0
227997 70
228147 0
228293 33
228448 100
228605 70
228749 0
228896 100
229044 100
229195 100
229336 100
229496 75
229654 0
229802 0
229947 0
230105 0
230252 0
230397 0
230551 0
230690 0
230831 0
230973 0
231133 0
231284 0
231426 0
231581 0
231738 0
231883 87
232034 0
232189 20
232342 0
232493 75
232641 0
232794 100
232937 100
233097 70
233253 87
233392 100
233544 95
233686 100
233837 95
233987 16
234138 0
234293 0
234452 0
234603 0
234764 0
234943 0
235093 0
235250 0
235384 0
235538 0
235678 0
235823 0
235975 0
236119 0
236269 0
236411 83
236557 25
236715 33
236854 0
237010 33
237163 0
237318 100
237476 91
237631 0
237786 100
237938 100
238098 100
238249 100
238401 41
238559 0
238710 0
238858 0
239016 0
239169 0
239322 0
239472 0
239607 0
239767 0
239915 0
240064 0
240229 0
240402 0
240556 0
240709 79
240865 0
241014 45
241165 0
241319 79
241482 0
241629 79
241773 100
241926 20
242088 87
242237 100
242378 95
242533 95
242687 100
242828 100
242987 54
243142 12
243301 0
243450 0
243600 0
243740 4
243889 4
244035 0
244184 0
244328 0
244486 0
244638 0
244798 0
244950 0
245100 4
245251 62
245387 0
245540 0
245682 62
245824 16
245979 20
246143 100
246274 91
246420 0
246568 100
246714 87
246870 75
247028 100
247176 66
247320 16
247479 0
247630 0
247772 0
247927 0
248081 0
248222 0
248363 0
248517 0
248659 0
248814 0
248961 0
249113 0
249251 0
249408 0
249549 20
249686 16
249828 45
249973 0
250122 70
250264 0
250424 66
250564 100
250708 91
250858 0
251013 91
251154 100
251303 100
251455 100
251603 95
251759 33
251914 25
252056 0
252208 0
252349 0
252504 0
252645 0
252820 0
252967 0
253114 0
253272 0
253416 0
253566 0
253721 0
253865 0
254021 79
254171 0
254314 29
254471 0
254614 95
254772 0
254921 91
255068 100
255204 0
255355 79
255500 100
255639 100
255794 100
255952 100
256105 20
256251 0
256393 0
256542 0
256687 0
256838 0
257000 0
257151 0
257296 0
257454 0
257601 0
257744 0
257897 0
258059 0
258210 0
258351 79
258506 0
258648 50
258801 0
258948 83
259116 0
259257 75
259422 95
259570 0
259714 87
259864 100
260011 95
260157 95
260298 95
260449 70
260599 16
260741 0
260892 0
261047 0
261188 0
261332 0
261486 0
261625 0
261768 0
261929 0
262079 0
262221 0
262375 0
262548 0
262696 50
262843 83
263003 4
263154 0
263295 75
263452 0
263602 50
263745 100
263884 95
264036 0
264181 100
264322 100
264470 100
264618 100
264763 100
264922 41
265074 4
265224 0
265376 0
265523 0
265666 0
265825 0
265984 0
266133 0
266289 0
266440 0
266590 0
266741 0
266902 0
267052 0
267206 70
267347 0
267505 0
267665 0
267812 45
267962 4
268111 91
268264 83
268412 0
268563 100
268728 91
268862 100
269020 100
269173 70
269323 29
269465 0
269603 0
269750 0
269902 0
270050 0
270194 0
270341 0
270493 0
270634 0
270777 0
270937 0
271088 0
271230 0
271388 0
271534 95
271680 0
271835 20
271996 0
272145 75
272291 0
272443 75
272581 100
272725 16
272878 87
273033 100
273175 100
273327 100
273471 100
273608 62
273753 16
273913 0
274059 0
274201 0
274346 0
274498 0
274639 0
274790 0
274942 0
275085 0
275230 0
275392 0
275537 0
275682 0
275837 0
276000 54
276145 50
276289 0
276445 37
276594 0
276744 41
276900 100
277052 100
277209 25
277357 100
277501 83
277643 95
277787 100
277945 75
278096 0
278256 0
278414 0
278566 16
278709 8
278863 0
279018 8
279160 4
279313 12
279457 8
279610 12
279752 8
279913 4
280064 0
280219 62
280385 45
280527 58
280673 0
280827 75
280988 0
281139 75
281296 100
281448 0
281603 87
281747 100
281911 100
282058 100
282200 100
282348 100
282494 75
282634 16
282775 0
282932 0
283082 8
283239 20
283388 12
283534 8
283679 8
283832 12
283981 8
284134 4
284272 12
284425 4
284563 4
284714 79
284871 0
285017 8
285161 0
285318 37
285469 20
285609 100
285752 87
285907 41
286061 100
286207 100
286360 100
286501 100
286639 62
286794 8
286956 0
287103 20
287245 20
287406 12
287567 4
287703 12
287859 8
288011 8
288165 8
288323 12
288483 4
288630 4
288769 4
288921 12
289069 70
289212 0
289376 20
289518 12
289659 41
289803 0
289962 83
290111 79
290252 0
290407 83
290552 87
290709 87
290864 91
291018 41
291173 0
291335 0
291484 8
291629 16
291782 8
291947 8
292089 8
292234 12
292389 12
292529 8
292670 12
292830 8
292984 4
293139 16
293316 4
293469 0
293619 0
293763 0
293920 0
294070 0
294204 0
294338 0
