135 16
288 22
432 22
583 22
729 5
884 5
1035 16
1180 16
1338 5
1491 0
1657 0
1793 11
1952 0
2099 72
2258 100
2407 100
2550 11
2706 55
2856 83
3007 88
3157 94
3308 72
3456 77
3608 100
3755 100
3920 100
4069 100
4226 100
4375 50
4532 100
4689 100
4855 100
5001 100
5142 100
5302 100
5451 100
5593 100
5746 100
5915 100
6062 100
6234 100
6374 61
6516 11
6669 0
6818 0
6974 0
7122 0
7273 0
7417 0
7570 0
7729 0
7886 0
8054 0
8201 0
8348 0
8492 0
8646 0
8801 0
8952 0
9095 0
9251 0
9390 0
9530 0
9678 0
9826 0
9981 11
10124 83
10310 94
10442 100
10602 0
10732 88
10889 83
11039 100
11188 72
11335 55
11483 72
11630 100
11778 100
11935 100
12086 100
12244 72
12393 5
12537 33
12696 27
12851 22
13004 22
13162 94
13314 100
13457 100
13607 100
13753 100
13913 100
14066 100
14227 100
14375 100
14513 100
14657 100
14817 100
14965 100
15107 100
15262 66
15402 50
15562 22
15704 0
15859 0
16012 0
16172 0
16322 0
16478 0
16619 0
16774 0
16923 0
17069 0
17220 0
17367 0
17508 0
17673 61
17822 72
17975 100
18121 100
18270 11
18421 88
18568 100
18728 94
18883 72
19033 72
19193 100
19348 100
19495 100
19645 100
19795 100
19950 72
20094 16
20249 100
20400 100
20543 100
20709 100
20868 100
21010 100
21157 100
21303 100
21446 100
21591 100
21746 100
21906 100
22062 100
22217 100
22365 100
22520 94
22664 33
22826 11
22977 16
23130 5
23285 0
23443 0
23592 0
23739 0
23898 0
24049 0
24208 0
24349 0
24503 0
24648 0
24803 0
24956 0
25110 0
25267 11
25420 0
25561 33
25718 55
25877 44
26028 44
26194 22
26343 33
26496 83
26654 61
26814 77
26967 72
27118 38
27275 72
27428 100
27576 100
27730 100
27890 100
28039 94
28188 66
28334 0
28474 27
28633 77
28788 100
28942 88
29099 94
29255 100
29404 100
29552 100
29703 100
29849 100
29998 100
30144 100
30299 100
30452 100
30606 100
30749 100
30907 100
31058 100
31205 88
31362 38
31509 11
31658 5
31814 5
31965 0
32125 0
32282 0
32434 0
32587 0
32755 0
32906 0
33051 0
33196 0
33355 0
33515 0
33654 0
33813 0
33972 0
34132 0
34286 0
34444 0
34596 0
34760 0
34910 5
35063 0
35219 0
35365 0
35516 0
35676 0
35833 0
35990 0
36156 0
36294 0
36450 0
36591 0
36751 0
36903 0
37053 0
37200 0
37351 0
37495 0
37638 0
37798 0
37949 0
38093 0
38245 0
38400 0
38555 0
38699 0
38858 0
39007 0
39158 0
39305 0
39457 0
39624 0
39767 0
39914 0
40069 0
40222 0
40365 0
40517 0
40663 0
40820 0
40959 0
41115 0
41265 0
41406 0
41552 0
41704 0
41868 0
42016 0
42165 0
42315 0
42477 0
42629 0
42782 0
42939 0
43103 0
43250 0
43390 0
43540 0
43686 0
43834 0
43982 55
44133 50
44281 100
44431 100
44575 55
44730 83
44880 33
45027 55
45183 100
45323 100
45489 100
45625 94
45777 100
45925 72
46068 55
46222 38
46363 33
46507 22
46657 72
46803 100
46952 77
47101 50
47245 100
47388 33
47531 11
47686 100
47832 61
47980 61
48131 61
48287 77
48427 100
48575 100
48732 100
48887 100
49023 100
49169 100
49311 100
49462 66
49601 55
49749 38
49899 38
50041 77
50193 94
50332 100
50498 88
50653 100
50805 100
50964 100
51104 83
51251 77
51392 77
51537 61
51694 61
51858 55
52003 38
52157 0
52312 0
52457 0
52614 0
52771 22
52918 5
53061 55
53215 100
53356 100
53496 100
53656 100
53812 100
53961 88
54129 66
54258 100
54403 88
54560 100
54721 100
54874 100
55023 100
55164 55
55305 44
55455 38
55590 66
55746 44
55900 94
56055 61
56216 61
56350 100
56517 27
56657 94
56809 100
56957 77
57101 44
57240 44
57401 77
57563 66
57707 22
57861 100
58005 94
58157 100
58296 66
58437 61
58583 50
58739 44
58891 77
59046 100
59199 100
59339 88
59482 88
59642 94
59797 100
59946 100
60099 100
60246 44
60387 44
60534 100
60688 55
60832 100
60984 33
61146 100
61286 100
61443 100
61592 100
61751 27
61902 38
62058 22
62210 94
62349 77
62491 77
62648 100
62817 83
62960 61
63131 27
63260 16
63410 83
63554 94
63712 100
63862 100
64007 77
64161 27
64314 11
64465 16
64603 27
64765 33
64909 88
65053 100
65205 50
65360 88
65504 83
65661 0
65826 100
65965 61
66110 88
66265 50
66407 83
66545 72
66703 100
66859 100
67019 88
67170 27
67310 0
67459 94
67610 0
67768 27
67921 11
68084 100
68229 100
68370 100
68518 100
68673 88
68829 44
68983 44
69138 27
69291 22
69433 77
69591 72
69748 83
69901 11
70055 16
70211 100
70354 100
70508 100
70657 100
70814 38
70956 38
71105 11
71253 0
71414 100
71574 100
71724 77
71872 100
72017 100
72166 100
72309 100
72454 94
72609 55
72772 0
72920 0
73080 0
73230 0
73374 0
73522 0
73677 0
73830 0
73973 83
74127 100
74273 94
74425 72
74574 72
74731 11
74879 72
75038 0
75192 77
75344 61
75485 72
75642 22
75797 72
75953 38
76112 100
76268 100
76408 94
76559 100
76722 72
76874 66
77031 11
77184 94
77348 100
77485 100
77636 77
77791 83
77942 61
78087 100
78234 94
78382 44
78536 33
78690 33
78835 55
78991 50
79144 16
79283 27
79426 100
79585 100
79745 77
79891 61
80051 66
80204 55
80344 27
80497 38
80656 33
80811 27
80974 33
81119 100
81259 100
81415 50
81559 61
81718 88
81867 61
82017 100
82173 100
82305 100
82460 94
82618 100
82772 100
82921 100
83076 100
83218 94
83362 5
83519 0
83681 0
83824 0
83971 0
84123 0
84261 0
84404 0
84562 0
84719 0
84879 0
85025 0
85168 0
85323 0
85463 0
85609 77
85759 100
85899 100
86059 50
86213 100
86361 66
86509 38
86667 100
86817 100
86962 83
87117 100
87269 100
87411 100
87558 100
87714 100
87860 100
88015 100
88147 22
88298 0
88441 0
88603 11
88753 0
88894 0
89052 0
89192 0
89350 0
89484 0
89630 0
89781 0
89933 11
90077 55
90230 100
90374 100
90531 38
90688 50
90837 83
91000 38
91137 94
91279 66
91427 44
91583 27
91729 61
91880 61
92029 38
92176 55
92319 100
92459 100
92619 50
92768 0
92914 5
93090 0
93221 0
93406 0
93534 0
93679 5
93829 0
93978 0
94121 5
94264 0
94402 0
94550 27
94698 61
94838 100
95003 5
95153 50
95302 100
95447 61
95604 83
95757 100
95900 83
96052 77
96193 100
96360 100
96487 100
96638 100
96794 83
96931 11
97085 0
97235 0
97397 0
97537 0
97695 0
97837 0
97997 0
98144 0
98285 0
98440 0
98585 0
98741 0
98892 0
99048 0
99206 0
99359 0
99516 0
99674 0
99828 0
99984 0
100124 0
100280 0
100434 0
100595 0
100746 0
100900 83
101065 83
101204 83
101354 94
101511 100
101671 55
101822 11
101982 16
102129 66
102271 38
102426 66
102571 83
102724 61
102878 50
103023 55
103177 55
103332 16
103489 0
103649 100
103795 50
103943 50
104091 50
104235 72
104397 94
104533 100
104685 77
104839 11
104990 33
105133 38
105278 55
105441 88
105595 100
105742 100
105880 100
106025 22
106174 100
106318 100
106461 72
106622 50
106771 0
106927 27
107086 100
107249 61
107383 44
107541 66
107692 16
107835 61
107990 55
108139 27
108285 38
108440 50
108601 72
108751 0
108894 22
109048 72
109191 61
109366 61
109520 16
109675 83
109821 61
109975 83
110121 100
110277 94
110432 94
110596 88
110748 50
110910 0
111057 0
111202 0
111354 0
111499 0
111650 5
111806 77
111966 66
112114 100
112260 83
112412 77
112580 61
112725 55
112865 50
113027 55
113188 50
113355 88
113499 88
113648 77
113790 61
113947 22
114097 33
114254 44
114409 44
114575 11
114719 88
114861 88
115018 5
115173 83
115336 100
115484 77
115654 50
115810 44
115961 61
116107 94
116261 77
116403 11
116570 100
116714 100
116886 83
117024 16
117175 0
117308 0
117468 0
117625 0
117783 0
117934 0
118084 0
118225 94
118378 94
118524 50
118677 94
118830 38
118978 16
119123 77
119270 100
119453 100
119606 100
119736 88
119887 22
120030 0
120192 50
120329 94
120488 100
120639 100
120779 88
120938 94
121091 72
121246 66
121397 77
121562 66
121710 100
121890 100
122023 100
122164 100
122304 88
122452 100
122606 100
122756 100
122902 16
123054 66
123208 55
123356 11
123509 27
123662 100
123813 100
123957 100
124108 100
124251 83
124406 77
124571 66
124716 61
124863 61
125013 50
125157 100
125310 100
125470 94
125629 100
125771 100
125924 100
126057 100
126211 94
126366 72
126532 27
126678 0
126833 0
126987 0
127128 0
127268 5
127414 0
127577 0
127722 0
127875 0
128037 77
128191 100
128346 83
128504 100
128656 100
128797 66
128954 38
129106 44
129244 100
129384 100
129546 100
129692 100
129833 100
129987 44
130142 27
130283 44
130447 27
130592 44
130747 100
130901 100
131044 66
131186 38
131329 94
131482 55
131639 38
131804 50
131945 66
132089 72
132244 61
132388 16
132546 33
132691 33
132835 100
133005 44
133166 38
133326 100
133474 33
133631 5
133779 50
133935 100
134073 94
134227 66
134369 94
134518 66
134666 0
134823 5
134978 0
135117 5
135257 83
135406 100
135560 72
135705 50
135860 27
136001 44
136145 100
136299 100
136446 88
136599 0
136750 100
136897 0
137050 100
137201 94
137344 72
137507 77
137661 55
137813 83
137970 100
138122 50
138288 77
138473 100
138602 66
138751 100
138904 100
139046 100
139200 100
139351 100
139515 100
139667 100
139808 100
139964 100
140107 100
140247 100
140405 100
140557 11
140695 0
140839 0
140989 0
141133 0
141281 0
141435 0
141587 0
141745 0
141896 0
142036 0
142202 66
142352 77
142514 100
142660 33
142802 55
142962 100
143114 50
143254 77
143414 100
143566 100
143726 5
143880 61
144033 33
144187 50
144330 100
144489 100
144637 100
144781 100
144936 5
145095 0
145235 0
145391 0
145545 0
145686 0
145844 0
145992 0
146148 0
146294 0
146455 0
146604 0
146759 72
146916 94
147071 55
147212 44
147368 44
147526 100
147678 22
147831 100
147970 94
148116 61
148269 72
148419 77
148581 77
148754 100
148894 100
149035 100
149184 100
149332 72
149489 5
149647 0
149802 5
149956 0
150109 0
150252 11
150403 0
150549 0
150704 0
150861 0
151017 0
151173 11
151324 72
151489 100
151643 11
151795 44
151948 100
152089 66
152231 66
152392 100
152546 88
152697 22
152845 100
152994 100
153147 100
153286 100
153449 55
153597 5
153744 0
153897 0
154040 0
154188 0
154334 0
154494 0
154644 0
154798 0
154958 0
155095 0
155250 0
155414 0
155560 0
155717 0
155883 0
156025 0
156166 0
156321 0
156470 0
156619 0
156776 0
156915 0
157056 0
157213 0
157368 33
157522 88
157677 22
157829 72
157970 100
158115 100
158272 11
158432 100
158578 50
158733 88
158887 88
159031 77
159185 0
159328 100
159490 61
159633 77
159785 100
159940 55
160094 100
160246 100
160400 27
160547 16
160700 0
160855 0
161017 5
161162 5
161318 5
161470 0
161619 0
161764 11
161917 33
162064 83
162208 27
162359 66
162509 66
162663 100
162821 11
162963 94
163117 27
163269 61
163418 88
163566 100
163708 0
163862 72
164007 38
164149 61
164300 83
164475 100
164614 77
164781 100
164920 100
165063 61
165201 38
165349 27
165497 5
165638 11
165790 5
165941 11
166089 11
166246 27
166403 66
166553 55
166703 66
166849 50
166990 50
167153 72
167307 27
167460 16
167615 5
167784 44
167926 5
168080 0
168221 0
168368 83
168518 27
168660 50
168814 88
168975 100
169113 27
169266 100
169424 100
169576 22
169717 11
169869 0
170012 5
170153 11
170307 5
170470 5
170624 27
170773 27
170917 38
171060 66
171204 83
171369 44
171510 38
171650 66
171797 66
171955 44
172093 33
172230 38
172390 55
172541 100
172681 22
172838 50
173000 22
173146 50
173292 88
173443 100
173584 16
173743 100
173901 100
174055 100
174204 50
174357 55
174503 33
174642 22
174789 22
174936 16
175084 11
175236 16
175395 16
175555 5
175690 0
175844 0
175986 5
176132 33
176282 100
176432 100
176579 27
176730 66
176873 88
177027 66
177171 100
177318 100
177464 50
177605 100
177761 100
177903 100
178045 100
178202 100
178363 100
178510 100
178671 88
178824 5
178974 0
179119 0
179261 5
179414 16
179557 5
179708 5
179863 0
180026 0
180157 22
180307 5
180454 22
180606 38
180754 88
180892 100
181040 33
181186 50
181349 100
181495 61
181650 100
181806 100
181964 77
182113 100
182263 100
182417 100
182559 100
182710 100
182853 100
183006 100
183158 11
183312 0
183458 0
183606 0
183761 0
183910 0
184062 0
184209 0
184369 0
184519 0
184659 0
184814 0
184975 0
185123 0
185257 94
185411 100
185564 50
185726 66
185876 61
186013 61
186179 100
186332 100
186488 33
186624 100
186779 100
186931 100
187074 100
187212 100
187363 100
187511 11
187653 5
187806 5
187948 27
188101 22
188248 16
188408 11
188552 0
188706 5
188849 11
189002 16
189143 16
189335 55
189488 66
189629 50
189785 100
189938 38
190076 50
190222 100
190398 33
190548 100
190692 100
190841 33
190982 100
191126 100
191272 100
191423 100
191575 66
191724 16
191870 0
192014 0
192168 0
192332 0
192477 0
192628 5
192775 11
192930 0
193072 0
193213 0
193383 0
193524 0
193677 0
193823 0
193975 11
194122 0
194265 0
194419 0
194575 5
194714 0
194863 0
195017 0
195160 0
195323 16
195472 16
195613 0
195765 100
195908 100
196069 100
196211 100
196414 22
196592 5
196748 0
196901 100
197044 94
197186 100
197344 100
197491 100
197633 66
197792 11
197931 27
198101 27
198249 33
198421 100
198570 61
198729 33
198879 100
199021 38
199176 94
199338 72
199483 94
199631 44
199774 83
199924 66
200076 100
200220 27
200375 100
200528 100
200671 100
200820 83
200961 100
201109 94
201273 72
201417 38
201583 27
201721 33
201868 100
202013 72
202167 55
202326 83
202486 100
202629 100
202778 100
202929 66
203072 100
203233 83
203385 0
203548 0
203691 88
203838 100
204020 100
204147 38
204311 88
204461 88
204621 100
204770 94
204907 100
205052 100
205207 100
205364 100
205520 33
205678 16
205830 0
205987 0
206127 0
206279 100
206425 100
206580 27
206737 77
206891 100
207036 100
207185 77
207356 50
207497 72
207659 100
207809 88
207952 100
208103 83
208256 100
208399 100
208543 38
208701 100
208857 66
208995 61
209141 0
209292 83
209444 44
209597 22
209754 33
209909 100
210063 88
210214 38
210364 22
210519 100
210679 100
210835 100
210971 0
211130 100
211285 100
211433 100
211584 55
211736 0
211875 0
212012 0
212169 0
212316 0
212463 0
212626 0
212776 0
212919 0
213070 0
213223 0
213368 0
213525 0
213683 0
213835 0
213984 0
214130 0
214292 0
214443 0
214599 0
214750 0
214893 0
215048 0
215215 0
215362 0
215505 0
215661 0
215810 0
215984 0
216170 0
216365 0
216544 0
216730 0
216900 0
217081 0
217271 0
217451 0
217641 0
217819 0
217982 0
218121 0
218283 0
218437 0
218599 0
218765 0
218916 0
219056 0
219202 0
219354 0
219508 0
219664 0
219810 0
219963 0
220121 0
220298 0
220452 100
220616 100
220776 100
220933 100
221090 100
221258 72
221416 72
221571 100
221741 11
221901 38
222054 77
222230 5
222386 33
222544 0
222710 0
222867 0
223017 0
223174 100
223336 100
223488 38
223656 50
223801 100
223958 88
224114 100
224279 100
224444 16
224578 100
224735 100
224884 100
225037 100
225235 100
225433 0
225625 0
225776 0
225919 0
226074 0
226228 0
226371 0
226545 0
226683 0
226837 0
226992 0
227152 0
227305 0
227447 50
227603 100
227752 100
227895 0
228036 66
228203 100
228344 66
228488 100
228647 100
228802 100
228954 100
229108 100
229279 100
229419 100
229562 100
229714 66
229866 0
230001 0
230153 0
230305 0
230446 0
230596 0
230741 0
230881 0
231032 0
231191 0
231335 0
231487 0
231636 0
231789 0
231925 0
232076 66
232227 83
232374 38
232518 50
232671 100
232833 0
232979 100
233128 100
233287 83
233428 100
233571 100
233713 100
233866 100
234011 16
234183 0
234322 0
234475 0
234637 0
234776 0
234931 0
235088 0
235255 0
235396 0
235535 0
235692 0
235845 0
235987 0
236149 0
236300 0
236453 50
236604 100
236751 5
236916 50
237062 100
237228 50
237375 100
237528 100
237683 33
237825 55
237980 100
238126 100
238280 100
238434 100
238584 38
238729 0
238871 0
239018 5
239177 0
239322 5
239469 0
239627 0
239777 5
239921 0
240070 0
240215 0
240368 0
240511 0
240668 0
240816 16
240966 83
241123 22
241277 61
241430 55
241576 100
241724 33
241867 100
242061 100
242201 22
242347 100
242491 100
242646 100
242801 100
242942 38
243102 16
243257 0
243409 0
243550 11
243704 0
243845 0
243988 0
244140 0
244288 0
244435 0
244582 0
244736 0
244883 0
245036 0
245190 22
245339 77
245483 44
245639 22
245789 50
245934 88
246096 27
246265 100
246413 100
246561 44
246713 100
246855 100
247004 100
247162 100
247306 66
247458 16
247606 0
247753 0
247893 16
248034 5
248208 0
248360 0
248501 0
248656 5
248798 0
248950 0
249102 5
249258 5
249403 27
249561 61
249721 44
249855 83
250010 33
250168 50
250328 94
250467 38
250619 100
250773 100
250918 100
251075 27
251230 100
251384 100
251530 100
251680 100
251820 100
251962 33
252128 5
252271 0
252412 0
252558 0
252705 0
252847 0
253012 0
253170 0
253314 0
253454 0
253600 0
253739 0
253889 5
254029 66
254177 100
254326 100
254465 11
254612 44
254761 83
254909 33
255065 94
255218 100
255376 66
255525 100
255681 100
255829 100
255962 100
256126 100
256273 27
256415 11
256575 0
256716 11
256866 22
257005 16
257158 0
257302 0
257450 0
257603 0
257752 5
257895 0
258038 22
258193 0
258340 0
258485 55
258630 100
258783 16
258926 44
259086 77
259241 27
259382 94
259537 100
259693 44
259831 72
259983 100
260136 100
260278 100
260476 100
260606 55
260743 22
260894 0
261050 0
261200 0
261351 0
261501 0
261650 0
261810 0
261953 0
262109 16
262255 11
262398 5
262560 5
262704 38
262849 55
262997 88
263153 22
263301 61
263452 100
263600 33
263749 66
263901 100
264037 88
264191 44
264352 100
264487 100
264638 100
264780 100
264928 94
265084 27
265233 0
265378 0
265534 0
265681 11
265823 16
265967 16
266132 11
266272 5
266415 5
266566 5
266710 0
266846 16
266990 11
267141 33
267290 77
267442 100
267584 27
267727 50
267896 100
268025 33
268177 100
268318 100
268485 27
268627 100
268766 100
268916 100
269076 100
269220 100
269366 100
269529 22
269671 0
269819 0
269970 11
270126 16
270264 16
270408 16
270565 22
270725 16
270862 16
271021 5
271171 5
271312 11
271468 50
271625 55
271783 100
271928 22
272083 50
272232 83
272374 50
272532 50
272682 100
272822 100
272963 33
273122 100
273277 100
273433 100
273586 100
273724 83
273871 27
274043 16
274206 11
274346 22
274491 16
274641 22
274783 16
274925 22
275087 11
275240 27
275391 5
275541 0
275683 5
275841 0
275977 44
276133 100
276278 22
276432 61
276588 100
276736 72
276874 55
277034 100
277184 100
277337 100
277497 100
277654 100
277793 100
277943 100
278095 100
278240 33
278383 0
278534 0
278678 0
278820 0
278973 0
279125 16
279270 16
279419 11
279569 0
279711 0
279859 0
280007 0
280161 0
280315 33
280455 100
280609 88
280748 50
280891 83
281049 77
281204 44
281346 100
281507 100
281656 83
281801 61
281952 88
282128 94
282266 94
282418 83
282561 44
282703 5
282853 0
282999 0
283152 0
283291 0
283436 0
283590 0
283732 0
283883 0
284037 0
284182 0
284321 0
284469 0
284617 5
284756 50
284912 100
285062 22
285216 55
285362 100
285515 55
285663 100
285802 100
285965 61
286115 77
286268 100
286410 100
286564 100
286705 100
286856 16
286995 11
287145 0
287299 0
287456 0
287616 0
287765 0
287905 0
288054 0
288210 0
288366 0
288511 0
288644 0
288799 0
288939 22
289098 33
289236 100
289394 44
289548 61
289702 94
289852 77
290003 77
290157 100
290299 100
290450 11
290603 100
290748 100
290901 83
291051 100
291197 100
291338 38
291486 11
291639 0
291789 0
291931 0
292090 0
292226 0
292364 0
292515 0
292666 0
292808 0
292961 0
293117 0
293267 0
293412 0
293566 0
293708 0
