141 21
290 13
442 21
587 26
744 18
897 15
1043 7
1192 13
1365 10
1509 18
1663 18
1823 23
1976 26
2134 65
2291 63
2441 52
2595 28
2763 63
2908 42
3085 31
3223 52
3376 28
3519 60
3678 73
3833 71
3987 71
4144 65
4299 44
4456 23
4607 63
4759 71
4906 71
5050 68
5204 68
5358 100
5502 100
5660 100
5813 100
5971 100
6125 100
6282 100
6435 94
6577 71
6738 31
6888 13
7051 5
7201 2
7357 10
7514 21
7677 15
7828 15
7983 13
8140 13
8290 10
8433 7
8571 13
8733 10
8882 18
9042 18
9194 10
9337 15
9493 13
9651 18
9805 21
9958 26
10114 50
10270 55
10430 68
10578 13
10725 47
10877 52
11024 50
11172 52
11311 55
11452 57
11598 68
11761 76
11902 73
12069 73
12225 34
12381 55
12527 47
12673 44
12826 42
12983 47
13139 76
13291 100
13446 100
13592 100
13756 100
13898 100
14049 100
14197 100
14339 94
14493 94
14648 92
14805 94
14965 76
15116 42
15271 23
15423 13
15566 5
15717 2
15874 5
16027 5
16176 5
16326 5
16469 2
16626 2
16784 0
16936 0
17089 7
17230 5
17380 0
17529 0
17684 7
17837 52
17988 57
18135 65
18295 7
18431 60
18587 57
18751 63
18900 57
19055 47
19205 65
19352 81
19502 86
19645 84
19806 86
19955 68
20115 2
20267 68
20416 89
20560 84
20723 89
20878 100
21036 68
21187 100
21329 100
21465 100
21622 100
21783 100
21933 100
22090 100
22244 94
22385 86
22525 84
22681 71
22836 60
22982 36
23132 31
23288 15
23435 5
23591 0
23739 0
23884 2
24036 5
24198 7
24340 2
24490 10
24644 10
24793 13
24942 7
25088 13
25229 15
25384 15
25528 26
25689 52
25837 78
25998 76
26148 60
26298 36
26440 52
26582 47
26742 50
26905 50
27055 42
27199 44
27346 65
27498 57
27640 68
27797 63
27957 60
28108 65
28263 60
28411 39
28555 10
28711 47
28850 55
29000 57
29150 63
29292 71
29464 76
29606 78
29760 78
29919 76
30073 71
30224 71
30366 76
30507 73
30667 78
30815 73
30962 76
31111 60
31267 94
31407 100
31549 100
31714 100
31864 100
32018 57
32173 100
32315 47
32455 73
32609 63
32762 26
32928 2
33072 0
33214 0
33371 0
33529 2
33683 0
33826 2
33979 2
34124 2
34265 0
34419 5
34576 0
34721 2
34875 2
35028 0
35169 2
35314 0
35464 0
35604 2
35759 0
35910 0
36053 0
36196 2
36351 0
36501 2
36655 0
36801 0
36950 0
37095 0
37238 0
37389 0
37535 0
37698 0
37846 0
38002 0
38153 0
38295 0
38447 0
38592 0
38743 0
38895 0
39041 0
39182 0
39324 0
39476 2
39636 0
39790 0
39948 0
40100 0
40259 0
40412 0
40592 0
40736 2
40887 2
41032 0
41174 2
41328 0
41474 0
41634 0
41783 2
41946 5
42111 0
42264 2
42405 2
42555 5
42707 5
42863 5
43015 5
43170 2
43324 0
43465 5
43627 2
43777 0
43928 34
44082 89
44228 94
44370 86
44525 84
44684 15
44855 0
44992 0
45134 55
45284 65
45423 65
45573 71
45740 94
45899 84
46053 60
46210 2
46363 0
46524 0
46674 73
46829 52
46984 50
47138 68
47302 73
47446 42
47590 71
47747 36
47907 34
48059 63
48220 52
48369 50
48515 68
48671 78
48824 78
48981 71
49135 86
49275 84
49413 47
49564 13
49726 0
49888 36
50036 55
50191 81
50337 86
50497 63
50643 100
50790 100
50946 94
51097 73
51248 39
51399 7
51560 0
51711 2
51869 7
52015 13
52166 10
52318 31
52468 15
52621 13
52777 5
52925 5
53082 55
53241 57
53392 50
53528 76
53680 52
53834 63
53984 5
54126 5
54279 68
54420 60
54567 92
54718 50
54875 55
55055 86
55181 63
55320 57
55462 34
55614 34
55760 71
55911 63
56055 57
56195 55
56339 50
56479 52
56643 63
56789 57
56945 76
57098 39
57237 52
57387 47
57529 52
57678 23
57823 73
57971 84
58127 73
58284 60
58444 60
58599 60
58745 44
58893 60
59039 57
59182 81
59338 60
59490 73
59655 57
59813 52
59966 73
60117 76
60258 73
60419 57
60576 100
60729 84
60887 68
61048 76
61193 100
61335 78
61483 63
61643 39
61793 2
61944 0
62091 34
62240 60
62398 65
62544 65
62692 63
62847 68
63003 55
63156 13
63299 15
63452 100
63608 100
63751 100
63908 100
64061 86
64214 73
64361 50
64509 23
64658 18
64798 18
64946 55
65100 34
65245 39
65400 28
65562 10
65711 42
65871 39
66019 42
66162 15
66306 34
66463 34
66621 47
66773 65
66923 47
67066 26
67208 2
67369 0
67508 50
67669 0
67816 31
67969 50
68124 55
68284 78
68445 34
68601 52
68750 68
68909 36
69062 15
69198 28
69336 50
69497 65
69653 34
69809 36
69959 18
70103 18
70255 60
70399 50
70557 50
70706 47
70871 52
71006 60
71162 2
71318 63
71458 52
71620 57
71761 73
71914 81
72064 68
72207 71
72348 55
72499 55
72646 21
72804 5
72955 0
73097 0
73239 0
73393 2
73544 5
73692 0
73850 0
74003 44
74159 44
74309 76
74454 44
74613 55
74766 10
74919 50
75066 10
75219 42
75378 57
75539 36
75689 47
75847 23
75996 57
76137 57
76280 78
76439 44
76597 57
76747 31
76902 21
77056 65
77197 65
77349 78
77504 39
77663 63
77812 44
77958 73
78113 65
78256 42
78396 39
78553 50
78707 31
78864 42
79020 39
79174 23
79314 47
79458 76
79614 76
79775 76
79923 76
80079 78
80246 36
80377 0
80538 0
80688 0
80845 42
80997 44
81147 52
81298 23
81436 47
81597 71
81745 55
81899 44
82039 100
82200 92
82347 10
82492 39
82658 92
82807 100
82957 94
83112 100
83251 100
83394 97
83558 44
83715 7
83862 0
84018 0
84172 2
84323 5
84467 5
84628 5
84784 7
84936 2
85080 0
85228 15
85384 7
85552 0
85696 63
85848 63
85992 31
86145 36
86285 50
86429 28
86589 89
86746 84
86892 60
87035 55
87192 65
87330 65
87476 76
87645 100
87808 100
87952 100
88095 100
88245 81
88385 52
88546 13
88704 0
88856 5
88998 13
89153 18
89298 18
89449 7
89616 7
89761 0
89903 0
90053 57
90196 57
90339 65
90497 26
90666 44
90825 42
90966 52
91110 92
91262 92
91418 26
91574 84
91722 92
91870 89
92022 94
92169 76
92327 78
92480 94
92634 36
92791 7
92927 0
93067 0
93209 10
93377 2
93521 2
93672 2
93818 2
93970 0
94115 0
94270 0
94425 7
94588 7
94745 63
94882 76
95029 21
95173 42
95321 50
95468 34
95618 84
95769 78
95912 81
96056 18
96206 63
96350 57
96519 81
96663 76
96820 84
96974 13
97119 0
97276 0
97428 0
97587 0
97744 0
97896 0
98049 2
98194 2
98338 0
98497 7
98646 2
98804 0
98957 0
99113 0
99269 0
99408 0
99569 0
99723 2
99874 0
100016 0
100154 0
100307 0
100458 0
100610 0
100774 7
100918 44
101062 57
101218 60
101372 50
101524 23
101676 2
101826 0
101980 63
102122 71
102259 57
102401 71
102558 57
102704 47
102856 15
103006 0
103150 5
103315 7
103467 18
103621 63
103775 36
103926 23
104069 47
104222 23
104366 18
104527 42
104682 44
104834 23
104970 31
105111 26
105265 42
105415 15
105574 55
105736 57
105875 52
106029 44
106167 68
106324 52
106481 23
106637 23
106791 36
106951 42
107090 63
107238 23
107382 15
107532 44
107685 15
107833 63
107974 65
108118 63
108268 31
108408 57
108565 39
108726 10
108873 52
109018 50
109167 52
109330 23
109478 44
109627 47
109780 50
109935 76
110076 89
110231 65
110373 86
110541 78
110691 57
110836 23
110980 10
111115 5
111258 5
111413 7
111566 60
111714 44
111862 34
112006 50
112158 55
112298 52
112447 57
112602 39
112753 34
112906 23
113050 47
113207 55
113354 63
113517 63
113677 44
113832 23
113983 31
114126 52
114280 26
114424 23
114579 28
114730 47
114875 44
115036 21
115183 15
115335 63
115489 47
115643 23
115789 18
115930 36
116087 71
116238 57
116381 28
116548 68
116700 60
116843 47
116988 31
117142 0
117289 0
117452 0
117597 0
117753 0
117905 0
118046 0
118201 18
118354 57
118514 31
118674 50
118819 28
118964 31
119122 68
119273 78
119424 71
119574 31
119734 39
119885 26
120038 15
120180 84
120323 94
120482 94
120633 76
120782 26
120930 26
121088 21
121238 21
121392 26
121550 28
121704 94
121856 89
122000 92
122185 13
122324 50
122476 71
122624 68
122796 15
122957 34
123095 36
123246 21
123403 13
123563 47
123715 78
123871 76
124025 57
124179 57
124325 60
124484 44
124638 28
124787 23
124943 57
125082 68
125236 78
125378 65
125538 52
125691 68
125833 65
125985 73
126125 68
126279 13
126433 0
126582 0
126734 0
126875 0
127025 0
127170 0
127321 0
127472 0
127621 0
127770 0
127915 0
128070 65
128210 65
128365 63
128522 84
128679 71
128832 21
128972 13
129115 23
129266 81
129423 89
129570 84
129722 97
129876 81
130032 31
130174 13
130326 7
130476 13
130627 18
130779 60
130919 47
131063 28
131219 42
131367 50
131527 23
131675 42
131818 36
131966 28
132122 50
132261 31
132413 21
132560 31
132715 65
132871 63
133016 44
133170 44
133321 76
133470 26
133623 15
133774 50
133929 65
134069 57
134211 50
134353 71
134514 76
134660 2
134802 0
134946 0
135085 0
135237 39
135402 57
135555 50
135719 26
135859 26
135997 34
136140 63
136280 52
136432 55
136584 0
136733 47
136876 0
137019 47
137169 21
137320 0
137470 0
137627 0
137777 47
137920 68
138075 10
138227 26
138374 31
138531 34
138682 63
138834 84
138978 86
139131 2
139271 84
139439 76
139587 76
139738 100
139883 100
140035 55
140178 13
140332 2
140492 0
140643 2
140791 7
140928 0
141078 0
141217 0
141377 2
141535 0
141689 0
141843 0
141985 0
142136 23
142278 31
142428 55
142578 21
142730 39
142876 31
143026 63
143171 28
143328 76
143484 81
143638 68
143792 52
143945 55
144086 60
144226 78
144376 84
144529 81
144683 81
144831 50
144976 10
145117 5
145260 2
145428 0
145572 13
145727 13
145881 10
146026 13
146178 10
146319 2
146480 10
146631 23
146772 28
146924 55
147069 31
147223 34
147370 55
147544 42
147689 52
147828 73
147972 73
148129 7
148283 78
148434 76
148582 71
148732 76
148875 92
149029 94
149168 42
149315 10
149484 0
149639 0
149792 5
149935 2
150086 0
150244 0
150397 2
150546 0
150695 2
150833 0
150991 13
151141 42
151285 23
151450 57
151615 21
151780 44
151908 57
152047 31
152187 76
152345 65
152504 65
152651 65
152794 73
152937 68
153087 73
153227 57
153378 15
153535 2
153677 0
153820 0
153994 7
154131 0
154274 0
154438 0
154587 0
154738 0
154876 0
155018 0
155166 0
155315 0
155474 0
155639 0
155782 0
155952 0
156080 0
156231 0
156386 0
156535 0
156688 0
156840 0
156982 0
157135 0
157277 5
157429 39
157593 15
157742 39
157883 65
158026 73
158163 63
158308 10
158467 34
158620 42
158764 39
158912 68
159059 71
159207 23
159361 23
159506 34
159661 34
159800 68
159943 0
160086 57
160256 68
160399 31
160551 18
160702 13
160849 5
161000 2
161142 10
161299 5
161460 5
161614 7
161760 21
161903 31
162057 55
162209 23
162365 31
162517 55
162675 73
162811 15
162962 50
163105 23
163260 31
163421 50
163572 15
163727 52
163881 15
164023 23
164164 28
164326 68
164485 18
164629 71
164783 94
164929 50
165079 31
165221 21
165374 5
165523 7
165684 13
165828 7
165970 5
166112 13
166260 15
166417 39
166562 31
166703 28
166858 34
166996 47
167139 52
167297 18
167456 52
167606 36
167761 39
167916 44
168062 47
168219 28
168376 31
168531 44
168680 55
168837 76
168991 28
169136 78
169292 81
169448 76
169601 47
169763 28
169907 31
170053 15
170206 5
170353 7
170506 2
170659 23
170800 36
170955 28
171097 71
171258 18
171408 39
171560 57
171705 63
171855 18
171997 55
172158 34
172311 42
172471 57
172621 21
172776 47
172918 26
173060 28
173213 42
173373 78
173529 18
173667 81
173824 84
173974 100
174117 76
174258 71
174420 47
174569 28
174719 31
174860 31
175000 26
175142 26
175291 26
175449 10
175597 0
175750 0
175900 0
176061 0
176229 18
176405 52
176573 21
176742 44
176917 34
177088 73
177260 81
177434 84
177608 78
177774 84
177946 84
178114 84
178280 89
178452 92
178612 21
178772 5
178926 2
179099 13
179261 5
179433 2
179632 10
179834 7
180023 5
180195 5
180396 7
180601 0
180798 15
180998 7
181192 34
181400 55
181606 71
181794 76
181984 28
182172 50
182378 47
182581 78
182774 84
182971 81
183146 44
183316 7
183484 0
183630 2
183785 10
183941 15
184096 5
184254 7
184420 7
184582 2
184737 5
184891 26
185050 47
185209 47
185380 63
185536 28
185686 55
185844 57
185998 55
186159 81
186320 76
186497 71
186652 89
186808 84
186958 86
187117 86
187284 86
187448 86
187598 15
187752 7
187900 13
188049 13
188216 5
188368 5
188515 5
188661 2
188881 2
189009 2
189136 5
189380 15
189616 36
189843 81
190063 44
190277 63
190480 39
190662 89
190845 52
191032 89
191220 84
191427 86
191613 86
191796 94
191979 26
192144 7
192312 5
192487 5
192645 13
192802 10
192952 7
193107 2
193277 2
193438 2
193608 2
193765 0
193926 2
194094 2
194253 2
194429 2
194580 5
194732 5
194889 2
195040 2
195193 2
195360 2
195507 0
195666 13
195818 65
195975 47
196130 52
196280 81
196427 28
196580 0
196722 0
196873 68
197016 84
197177 81
197332 78
197484 78
197634 26
197777 5
197921 7
198066 10
198216 7
198377 76
198532 55
198681 26
198823 28
198965 60
199125 10
199285 55
199438 36
199584 15
199736 36
199882 26
200025 55
200177 21
200342 78
200491 68
200642 50
200784 15
200938 86
201078 36
201221 21
201385 13
201532 26
201697 52
201842 71
201986 28
202147 18
202302 26
202464 60
202634 76
202771 78
202919 26
203060 63
203205 34
203361 15
203515 10
203673 63
203823 55
203969 60
204122 18
204273 52
204424 47
204573 52
204716 76
204857 73
205010 81
205168 76
205332 84
205478 21
205619 15
205764 7
205916 10
206070 15
206217 68
206386 65
206537 36
206680 39
206818 65
206958 57
207099 68
207267 36
207417 28
207571 23
207727 31
207878 65
208020 63
208168 44
208339 50
208487 21
208642 78
208785 28
208923 44
209061 10
209209 36
209366 57
209517 34
209681 0
209827 84
209967 57
210113 73
210277 21
210427 0
210577 21
210721 84
210873 36
211015 15
211170 65
211336 60
211483 23
211622 0
211765 0
211908 0
212060 2
212202 0
212375 0
212513 0
212665 2
212806 0
212952 0
213106 0
213269 0
213425 0
213562 0
213710 0
213867 0
214012 0
214166 0
214327 0
214474 0
214618 0
214771 0
214911 0
215050 0
215194 0
215357 0
215501 0
215641 0
215789 0
215927 0
216079 0
216228 0
216392 0
216542 0
216685 0
216827 0
216971 0
217121 0
217278 0
217425 0
217574 0
217716 0
217857 0
217997 0
218157 0
218321 0
218472 0
218608 0
218759 0
218906 0
219055 0
219217 0
219372 0
219526 0
219678 0
219817 0
219960 0
220119 0
220281 47
220442 57
220585 52
220741 63
220890 50
221032 23
221174 13
221346 0
221498 0
221676 0
221804 0
221946 0
222100 0
222239 0
222398 2
222540 0
222681 2
222819 2
222957 0
223105 21
223271 92
223415 10
223560 36
223711 81
223858 36
224013 92
224169 100
224323 92
224478 7
224630 100
224774 100
224928 78
225069 100
225233 84
225384 5
225542 0
225690 0
225830 0
225982 0
226127 0
226289 2
226443 0
226592 0
226734 0
226874 0
227037 2
227178 0
227331 0
227479 7
227621 39
227772 57
227913 31
228055 34
228222 50
228372 34
228522 100
228663 100
228806 60
228955 71
229097 100
229261 100
229404 100
229547 100
229696 23
229839 5
229987 0
230121 0
230282 0
230435 0
230589 0
230730 0
230872 0
231023 0
231171 0
231323 0
231480 0
231624 0
231774 0
231927 28
232069 73
232233 57
232380 57
232537 42
232682 52
232819 21
233009 39
233141 34
233299 36
233437 84
233624 86
233811 84
233951 86
234094 68
234242 7
234389 0
234530 0
234672 0
234825 0
234974 0
235110 0
235273 0
235422 0
235576 0
235729 0
235872 0
236012 0
236170 0
236332 0
236481 34
236628 81
236772 7
236918 44
237078 73
237234 39
237386 81
237542 92
237685 92
237836 0
237975 86
238120 89
238288 86
238431 78
238586 78
238729 68
238883 7
239021 0
239191 2
239354 10
239489 5
239640 7
239790 5
239964 2
240111 2
240274 0
240421 0
240584 0
240730 2
240876 44
241028 92
241181 13
241336 28
241491 71
241624 39
241781 84
241936 100
242085 73
242238 57
242386 100
242530 100
242686 100
242838 100
242978 86
243124 18
243284 0
243430 0
243574 2
243724 0
243871 0
244026 0
244190 2
244353 0
244532 0
244673 0
244821 2
244958 18
245100 42
245266 52
245410 73
245552 21
245705 34
245847 57
245999 42
246147 76
246305 92
246452 86
246609 18
246750 92
246900 97
247037 89
247190 89
247339 94
247490 81
247633 18
247770 2
247917 2
248069 7
248231 5
248380 5
248524 2
248680 2
248830 2
248972 7
249113 2
249277 0
249425 0
249579 28
249721 52
249859 68
250001 23
250170 39
250329 63
250477 21
250623 60
250772 84
250925 81
251081 23
251258 78
251404 84
251560 89
251699 92
251849 92
251997 50
252163 15
252317 5
252472 0
252631 15
252803 5
252970 2
253155 2
253331 5
253491 7
253645 47
253791 55
253942 42
254084 47
254246 84
254393 7
254544 36
254696 55
254850 47
255004 47
255156 89
255312 86
255452 28
255593 86
255736 81
255874 89
256021 78
256185 76
256333 81
256482 28
256630 5
256768 0
256928 0
257078 0
257242 0
257387 0
257529 0
257683 0
257827 5
257982 13
258134 23
258295 18
258437 31
258588 71
258740 36
258892 39
259044 60
259206 47
259353 52
259496 73
259647 76
259795 42
259945 71
260088 84
260247 78
260384 76
260536 84
260675 52
260816 18
260968 2
261117 2
261275 2
261430 2
261566 2
261718 2
261873 2
262029 0
262192 2
262338 10
262479 13
262632 21
262776 36
262919 52
263073 57
263238 28
263387 44
263528 55
263675 39
263822 81
263978 81
264145 36
264307 71
264445 81
264595 78
264740 81
264897 81
265056 52
265214 13
265361 2
265502 0
265651 2
265800 13
265952 5
266105 7
266269 10
266416 7
266563 7
266715 7
266859 5
267022 10
267182 0
267326 39
267478 71
267621 18
267761 34
267914 68
268056 34
268218 84
268371 84
268522 52
268665 57
268807 68
268961 71
269113 73
269269 71
269413 60
269569 15
269739 5
269902 0
270032 18
270197 10
270343 7
270488 5
270635 7
270778 10
270917 7
271069 5
271217 5
271366 0
271509 10
271663 76
271818 68
271962 23
272128 39
272285 50
272429 36
272579 84
272725 92
272878 81
273013 39
273183 86
273325 92
273467 97
273622 92
273783 89
273916 63
274063 13
274215 2
274371 10
274525 13
274670 13
274820 15
274965 15
275128 10
275295 2
275434 5
275585 5
275736 0
275880 0
276025 44
276187 76
276333 15
276474 28
276628 63
276771 2
276909 68
277061 92
277229 89
277381 78
277522 76
277672 78
277815 76
277955 94
278107 76
278266 18
278408 5
278554 5
278709 7
278862 5
279016 5
279188 2
279329 2
279470 2
279624 2
279765 5
279906 15
280057 18
280222 39
280371 55
280513 57
280654 2
280809 36
280957 57
281113 44
281281 68
281431 71
281568 63
281711 63
281854 78
282009 84
282178 81
282317 78
282455 78
282596 50
282739 21
282893 5
283035 5
283205 7
283361 13
283518 7
283656 7
283800 2
283950 7
284107 5
284252 13
284404 10
284547 0
284702 0
284858 57
285009 23
285153 36
285310 42
285448 47
285591 39
285745 71
285886 71
286031 57
286186 52
286333 73
286477 73
286626 71
286768 81
286911 71
287080 26
287245 5
287393 0
287535 0
287684 0
287825 0
287968 0
288140 2
288280 0
288431 0
288574 2
288723 13
288869 10
289016 23
289177 63
289322 55
289475 31
289616 42
289758 55
289897 28
290050 76
290216 71
290354 5
290514 71
290648 73
290790 71
290943 73
291109 76
291249 81
291405 76
291549 52
291689 23
291833 5
291982 0
292149 0
292305 0
292439 2
292591 7
292735 2
292888 5
293040 10
293205 0
