142 5
299 5
456 5
605 2
757 5
910 5
1061 5
1215 5
1382 2
1532 16
1706 40
1871 64
2020 70
2161 2
2306 21
2466 24
2605 27
2766 35
2901 27
3047 24
3196 45
3351 56
3503 62
3646 56
3786 54
3947 51
4086 40
4237 40
4387 62
4521 67
4667 64
4814 67
4959 64
5111 59
5265 67
5415 64
5564 70
5721 56
5885 40
6041 37
6209 35
6414 21
6594 2
6748 5
6895 5
7045 5
7201 5
7366 2
7529 2
7731 5
7918 5
8080 2
8308 2
8532 5
8750 5
8922 5
9051 5
9187 5
9339 5
9504 5
9669 5
9804 5
9949 5
10160 51
10406 8
10636 18
10863 35
11073 29
11283 59
11503 64
11712 64
11869 37
12082 24
12257 40
12469 37
12670 37
12840 40
13005 51
13168 59
13339 67
13528 72
13695 67
13841 75
14011 75
14176 75
14331 78
14496 70
14654 78
14802 72
14943 70
15094 16
15237 5
15401 5
15549 5
15706 2
15859 5
16014 5
16163 5
16348 5
16509 2
16686 2
16897 5
17108 5
17330 5
17521 18
17721 48
17905 48
18079 18
18264 24
18446 18
18643 18
18828 21
18977 40
19137 48
19304 43
19465 40
19617 29
19761 35
19912 48
20068 62
20214 67
20390 83
20556 83
20709 81
20863 78
21080 81
21257 78
21422 64
21611 62
21776 56
21965 48
22171 29
22378 13
22572 8
22759 2
22931 2
23110 2
23288 5
23482 5
23677 2
23851 5
24022 5
24163 5
24339 2
24510 5
24668 2
24823 2
24978 2
25119 2
25277 0
25451 32
25659 48
25857 56
26082 27
26209 35
26392 21
26575 21
26755 35
26962 45
27188 64
27395 62
27620 56
27818 54
28012 29
28191 21
28393 37
28582 48
28790 48
28973 59
29166 51
29370 51
29518 56
29674 51
29848 51
30030 51
30188 54
30357 56
30532 56
30701 48
30860 40
31011 35
31179 29
31344 24
31494 18
31655 16
31806 5
31948 2
32095 0
32250 0
32409 5
32556 2
32713 2
32855 5
33008 2
33165 5
33329 2
33472 5
33619 5
33774 5
33924 5
34083 2
34240 5
34391 5
34549 5
34701 5
34856 5
35003 5
35155 2
35318 2
35467 5
35612 5
35761 5
35906 5
36056 2
36217 5
36373 2
36528 5
36685 2
36837 2
36990 5
37133 5
37295 5
37444 5
37604 5
37756 5
37901 2
38048 5
38187 2
38342 5
38496 5
38649 5
38802 5
38958 2
39109 2
39260 2
39411 5
39567 5
39721 2
39877 5
40031 5
40176 5
40338 5
40482 2
40636 2
40782 5
40920 5
41059 2
41217 2
41391 5
41546 2
41702 5
41845 5
42002 2
42156 5
42328 5
42481 5
42636 5
42778 5
42922 2
43075 5
43233 5
43395 5
43544 5
43692 40
43839 70
43998 100
44151 70
44311 40
44457 2
44609 2
44759 2
44911 40
45067 70
45230 100
45404 100
45581 70
45742 40
45914 8
46082 8
46250 10
46427 21
46592 10
46771 16
46946 21
47115 5
47300 29
47456 21
47619 0
47755 13
47900 16
48056 21
48215 27
48388 27
48543 27
48698 32
48850 27
49036 32
49208 21
49388 18
49564 16
49736 21
49905 27
50071 21
50262 18
50445 24
50608 24
50783 21
50966 18
51132 16
51296 13
51439 8
51597 2
51750 5
51908 2
52067 5
52221 5
52377 2
52537 5
52708 40
52875 70
53042 100
53203 70
53383 40
53559 20
53732 8
53896 20
54069 40
54236 70
54421 100
54611 70
54786 40
54935 20
55086 2
55244 5
55403 16
55559 21
55727 10
55867 10
56023 21
56187 2
56362 27
56531 18
56702 13
56872 10
57044 18
57236 18
57425 2
57614 56
57787 45
57979 29
58162 37
58350 27
58523 24
58672 54
58835 54
58989 43
59137 37
59288 40
59447 51
59587 56
59730 54
59917 56
60091 59
60283 54
60462 59
60637 54
60828 67
61005 67
61183 51
61369 27
61551 10
61724 27
61899 35
62076 59
62258 62
62417 56
62596 56
62778 16
62954 13
63137 40
63326 37
63521 37
63676 48
63833 27
64001 8
64162 5
64327 13
64485 8
64640 27
64795 18
64973 18
65129 18
65298 0
65457 32
65622 32
65779 35
65955 10
66107 29
66270 32
66412 35
66555 48
66708 27
66857 0
67007 2
67160 27
67320 2
67477 10
67636 8
67785 59
67938 62
68085 35
68256 27
68410 29
68568 24
68721 24
68883 21
69040 32
69202 54
69347 8
69512 18
69657 13
69809 2
69967 62
70114 56
70274 48
70423 29
70568 35
70723 24
70879 27
71038 51
71196 40
71344 37
71491 37
71638 37
71795 40
71940 45
72097 40
72257 29
72404 2
72547 2
72712 5
72888 5
73087 5
73260 2
73428 5
73599 10
73772 43
73946 29
74136 18
74317 0
74488 2
74647 18
74801 5
74966 18
75118 18
75275 16
75431 10
75583 2
75726 32
75885 35
76034 29
76204 27
76349 27
76507 24
76659 2
76814 32
76962 35
77120 45
77273 24
77425 29
77582 21
77736 29
77891 29
78045 32
78200 35
78346 24
78504 35
78653 8
78796 18
78937 2
79098 70
79253 70
79404 64
79558 51
79701 35
79875 18
80055 13
80208 24
80353 21
80495 27
80647 35
80788 35
80938 45
81087 5
81240 35
81403 32
81550 29
81693 75
81859 81
82014 86
82196 56
82368 75
82558 72
82718 72
82882 78
83049 78
83238 62
83399 0
83569 2
83736 5
83901 2
84058 5
84209 5
84354 2
84501 5
84649 2
84793 5
84950 2
85112 0
85276 13
85428 67
85571 48
85712 8
85862 27
86004 21
86161 43
86303 62
86450 70
86618 67
86814 54
86991 56
87187 54
87360 78
87537 83
87712 81
87890 48
88067 2
88279 5
88468 5
88667 5
88851 5
89041 5
89244 5
89452 5
89643 5
89822 32
89986 72
90158 0
90352 32
90533 32
90681 43
90823 56
90960 56
91107 56
91265 43
91423 56
91567 59
91740 45
91886 62
92024 75
92188 70
92331 70
92474 10
92619 0
92757 5
92910 5
93055 2
93206 5
93364 0
93519 5
93655 5
93798 5
93938 5
94081 5
94228 21
94374 24
94520 72
94673 2
94826 16
94970 45
95127 27
95285 54
95437 62
95588 27
95739 43
95871 51
96010 54
96174 48
96322 81
96474 78
96616 62
96757 2
96907 0
97056 2
97210 5
97365 5
97521 2
97685 5
97846 5
98016 5
98177 5
98354 5
98530 5
98690 2
98840 5
98997 2
99173 2
99338 5
99507 5
99655 5
99798 5
99937 5
100082 2
100233 2
100375 5
100530 0
100668 37
100806 32
100945 32
101104 29
101243 24
101403 5
101556 5
101697 13
101849 37
101994 35
102156 37
102305 35
102448 37
102601 18
102741 5
102882 2
103023 2
103179 10
103322 27
103472 10
103616 8
103754 5
103910 2
104067 18
104224 21
104379 16
104515 0
104655 16
104797 16
104954 27
105114 5
105266 40
105415 40
105560 35
105700 5
105842 45
105982 62
106144 43
106291 27
106437 16
106589 13
106732 43
106884 29
107030 29
107181 32
107322 10
107480 24
107622 29
107770 29
107910 13
108054 32
108209 59
108351 21
108500 5
108640 32
108781 48
108924 45
109086 5
109225 21
109377 35
109530 37
109670 59
109808 48
109955 40
110116 40
110251 37
110405 32
110554 0
110698 5
110839 2
110981 5
111132 2
111276 5
111415 5
111558 2
111702 21
111838 24
111981 29
112139 16
112278 10
112431 13
112581 18
112717 18
112863 10
112996 29
113148 35
113300 29
113445 29
113597 5
113750 37
113893 27
114045 21
114192 5
114345 21
114501 29
114652 21
114805 18
114958 29
115118 35
115266 27
115407 24
115553 27
115703 45
115856 64
115986 29
116141 24
116284 64
116436 48
116590 29
116733 21
116883 2
117028 2
117182 2
117322 0
117475 2
117619 2
117759 2
117898 2
118051 40
118202 24
118333 40
118479 37
118623 21
118763 21
118903 78
119052 78
119187 56
119327 29
119475 35
119626 27
119771 2
119931 48
120084 78
120229 78
120371 43
120511 35
120648 24
120798 24
120937 18
121089 24
121235 24
121382 27
121530 59
121686 70
121829 18
121976 16
122124 2
122295 43
122434 10
122574 13
122713 16
122854 2
122999 5
123155 5
123294 24
123445 51
123587 59
123728 29
123868 35
124019 32
124166 29
124308 27
124457 21
124599 21
124745 27
124897 37
125046 40
125195 40
125340 48
125476 48
125618 45
125769 45
125912 27
126082 2
126251 5
126420 5
126593 2
126758 2
126921 5
127100 2
127266 5
127435 5
127594 8
127763 45
127919 54
128096 54
128260 45
128431 48
128592 24
128759 18
128916 27
129091 45
129244 56
129411 51
129593 48
129737 27
129884 10
130035 13
130185 13
130329 16
130467 21
130628 27
130762 21
130912 24
131070 35
131224 5
131375 24
131530 27
131673 29
131821 16
131965 10
132119 10
132257 2
132410 0
132552 29
132696 13
132851 18
133015 35
133161 29
133305 0
133457 18
133608 37
133750 37
133905 24
134057 29
134205 21
134361 2
134508 2
134651 2
134795 2
134942 27
135091 51
135250 35
135403 37
135557 35
135695 32
135843 62
135999 40
136138 54
136282 0
136438 40
136578 16
136724 29
136868 32
137018 16
137164 8
137307 18
137449 24
137601 70
137742 2
137886 13
138050 32
138191 27
138340 40
138488 75
138632 70
138776 59
138933 54
139085 64
139227 56
139382 64
139523 67
139676 62
139818 8
139981 2
140126 2
140267 0
140422 2
140561 2
140700 2
140843 2
140988 2
141137 5
141277 2
141420 2
141560 5
141711 5
141859 16
142027 27
142167 70
142322 0
142461 21
142602 40
142744 24
142885 24
143044 59
143194 70
143351 43
143492 48
143643 59
143786 59
143942 56
144094 78
144243 75
144400 70
144556 27
144713 2
144863 5
145025 2
145174 2
145318 2
145468 2
145623 5
145766 2
145912 5
146076 2
146226 2
146376 2
146527 10
146670 45
146811 5
146955 21
147110 27
147266 27
147419 51
147561 54
147713 56
147852 32
148016 51
148166 56
148314 56
148451 59
148604 81
148746 81
148899 27
149043 0
149188 5
149339 2
149495 2
149632 2
149772 5
149917 5
150073 2
150221 2
150364 5
150517 5
150656 2
150796 2
150956 0
151105 45
151253 48
151393 10
151547 24
151688 32
151826 32
151978 54
152125 56
152270 29
152408 45
152549 56
152692 54
152839 59
152993 64
153137 51
153282 2
153417 2
153558 2
153708 2
153846 2
153995 2
154150 2
154304 5
154449 5
154596 5
154742 5
154902 2
155056 5
155205 5
155352 2
155494 2
155641 5
155787 5
155947 2
156102 2
156257 5
156403 2
156547 2
156687 5
156837 0
156990 29
157151 29
157296 5
157440 13
157592 21
157732 37
157877 8
158030 16
158187 0
158338 13
158479 24
158623 43
158763 5
158908 16
159061 0
159210 18
159357 24
159511 56
159648 0
159788 45
159936 67
160074 21
160226 2
160370 2
160517 0
160654 2
160801 2
160961 2
161113 0
161258 2
161395 2
161535 13
161686 21
161828 16
161986 5
162123 13
162280 40
162428 21
162570 13
162714 5
162872 18
163033 18
163167 45
163317 5
163465 16
163621 0
163771 18
163922 27
164082 27
164233 2
164366 48
164502 54
164646 5
164794 2
164945 5
165095 5
165238 2
165384 2
165527 5
165670 5
165810 5
165964 2
166128 18
166285 24
166433 0
166578 8
166720 24
166872 40
167025 2
167164 21
167307 5
167460 24
167603 21
167757 40
167907 2
168051 32
168194 2
168339 16
168492 37
168637 48
168789 13
168936 59
169087 27
169232 2
169378 5
169521 5
169674 2
169819 2
169971 5
170117 5
170270 2
170424 5
170580 18
170720 18
170878 16
171031 13
171185 21
171329 40
171467 32
171610 8
171755 5
171908 16
172066 18
172206 29
172356 18
172502 10
172644 0
172789 16
172940 13
173093 37
173233 2
173380 40
173523 51
173665 0
173807 5
173960 5
174102 2
174255 2
174411 5
174556 5
174694 5
174844 5
174990 5
175132 2
175285 2
175438 5
175577 5
175720 16
175868 24
176023 56
176159 2
176303 16
176454 24
176596 21
176736 35
176897 51
177045 51
177190 27
177334 54
177470 54
177610 54
177751 62
177897 59
178051 78
178188 78
178336 32
178482 2
178621 2
178778 5
178930 2
179071 2
179216 2
179365 2
179507 2
179651 5
179806 5
179959 2
180111 2
180256 5
180402 16
180546 40
180690 0
180847 10
180989 18
181138 18
181291 45
181433 62
181588 62
181729 27
181891 51
182039 48
182185 45
182336 67
182493 64
182634 62
182779 45
182929 2
183083 2
183221 5
183362 5
183501 2
183642 5
183788 2
183938 0
184089 0
184231 5
184376 5
184527 5
184670 2
184827 18
184982 48
185122 2
185262 13
185405 16
185558 18
185696 27
185844 48
185991 51
186132 32
186275 54
186427 51
186574 54
186716 59
186877 67
187023 64
187163 13
187303 2
187457 0
187599 2
187752 5
187912 5
188051 5
188202 5
188351 2
188508 2
188662 5
188817 0
188970 0
189127 5
189277 8
189422 29
189571 18
189703 13
189863 13
190010 16
190160 18
190298 54
190445 51
190590 24
190744 56
190900 54
191044 43
191194 56
191330 56
191472 56
191613 13
191760 0
191912 2
192065 2
192206 2
192348 2
192487 2
192649 5
192807 5
192943 5
193092 5
193233 5
193376 2
193514 5
193657 5
193815 5
193958 2
194105 5
194246 5
194391 2
194553 5
194732 5
194951 5
195163 0
195344 13
195533 35
195689 43
195865 37
196034 35
196196 5
196392 5
196551 40
196732 48
196940 45
197110 40
197294 27
197473 2
197648 5
197840 16
198039 13
198242 16
198415 13
198578 16
198745 0
198944 32
199131 24
199293 5
199466 29
199621 16
199784 2
199949 24
200105 27
200261 24
200424 8
200584 43
200761 59
200934 62
201099 32
201293 21
201495 18
201719 13
201927 18
202119 5
202319 40
202536 40
202750 32
202970 29
203171 2
203372 27
203574 29
203780 8
203907 8
204140 18
204380 54
204627 56
204872 51
204998 62
205198 48
205395 5
205616 2
205823 2
206034 27
206243 16
206423 24
206593 43
206790 37
206972 18
207144 18
207325 21
207534 40
207754 54
207989 40
208121 29
208341 2
208551 16
208776 2
208996 27
209192 18
209404 0
209618 43
209850 37
210071 24
210288 24
210510 48
210751 8
210921 48
211152 24
211373 5
211577 2
211825 5
212045 5
212263 2
212475 2
212676 5
212892 5
213085 2
213294 5
213502 5
213711 2
213935 5
214167 5
214381 2
214590 5
214815 2
215020 5
215216 5
215410 5
215581 5
215788 5
215913 5
216103 5
216265 5
216438 5
216626 2
216855 2
217075 5
217301 2
217427 5
217659 2
217901 2
218131 5
218365 5
218593 2
218813 5
218941 2
219173 5
219406 5
219643 0
219876 29
220129 48
220254 45
220380 43
220508 51
220775 59
221016 62
221240 64
221462 51
221698 45
221911 45
222131 59
222344 64
222583 62
222709 51
222835 32
223065 8
223212 2
223426 45
223646 35
223879 67
224096 29
224323 67
224554 64
224687 67
224933 43
225059 43
225270 45
225472 29
225672 59
225882 59
226099 40
226291 40
226485 43
226682 21
226888 29
227074 27
227282 24
227495 64
227707 27
227920 29
228146 37
228361 48
228486 35
228719 48
228939 40
229170 40
229386 56
229604 59
229821 59
230045 54
230262 54
230457 48
230661 64
230866 59
231056 54
231261 64
231452 45
231650 43
231828 56
231999 10
232174 21
232342 37
232520 37
232716 51
232899 56
233124 40
233356 43
233563 35
233767 29
233984 43
234188 40
234406 43
234618 62
234831 48
235045 54
235253 62
235424 56
235574 48
235743 86
235888 70
236050 48
236206 37
236357 67
236516 13
236677 29
236831 27
236978 37
237133 54
237294 59
237453 27
237609 43
237771 59
237927 64
238086 45
238232 37
238373 45
238521 40
238697 32
238840 54
238991 35
239147 51
239314 40
239470 45
239636 54
239792 43
239944 48
240097 56
240254 37
240410 59
240562 43
240727 51
240892 10
241043 24
241197 35
241348 35
241498 64
241669 67
241822 21
241993 48
242147 62
242301 16
242446 24
242599 24
242756 43
242912 43
243080 67
243221 67
243404 54
243552 72
243711 62
243859 54
244012 62
244171 48
244321 43
244471 35
244673 29
244825 24
244980 40
245150 62
245341 8
245519 37
245700 32
245886 48
246066 48
246241 29
246381 43
246560 62
246724 29
246879 35
247036 43
247194 48
247347 59
247488 59
247696 51
247885 70
248065 59
248210 45
248365 64
248506 51
248674 62
248825 54
248983 54
249130 51
249272 37
249443 64
249616 10
249772 18
249951 29
250101 32
250252 40
250394 64
250572 59
250760 43
250908 43
251053 27
251205 43
251360 32
251514 27
251678 37
251826 45
251985 59
252144 54
252320 64
252506 64
252693 62
252855 62
252996 54
253134 51
253274 64
253420 78
253571 48
253717 32
253864 64
254011 27
254162 13
254303 13
254438 40
254596 40
254742 75
254883 54
255029 45
255161 37
255298 59
255445 54
255600 35
255746 45
255884 40
256026 59
256162 43
256306 54
256441 51
256594 54
256748 48
256887 64
257037 45
257180 51
257338 37
257476 56
257635 54
257782 70
257925 51
258078 27
258219 56
258375 21
258534 10
258691 27
258838 27
258981 29
259122 64
259265 56
259414 37
259575 40
259717 67
259876 48
260026 35
260169 43
260321 29
260464 56
260629 51
260773 51
260919 59
261073 54
261220 59
261367 67
261515 56
261691 56
261823 62
261976 64
262119 78
262272 59
262412 54
262567 43
262710 59
262853 0
262998 13
263140 29
263278 37
263421 59
263574 67
263719 56
263858 45
263998 56
264139 67
264293 62
264433 59
264581 24
264731 21
264869 37
265011 43
265151 54
265290 48
265426 51
265583 45
265728 45
265867 48
266018 37
266162 45
266303 45
266446 43
266605 45
266760 21
266918 32
267069 54
267219 10
267349 32
267490 43
267652 32
267801 29
267942 45
268084 51
268232 24
268377 48
268524 70
268674 48
268827 51
268981 43
269124 37
269275 51
269416 56
269564 59
269711 56
269852 51
269998 59
270152 48
270291 67
270434 48
270591 54
270744 21
270890 27
271039 24
271179 18
271322 48
271479 56
271637 5
271785 24
271928 21
272069 24
272223 48
272367 54
272525 48
272677 21
272819 51
272972 21
273111 29
273250 27
273395 37
273541 54
273693 45
273846 37
273986 40
274128 48
274280 54
274426 45
274587 32
274731 64
274875 45
275017 54
275161 48
275317 70
275475 37
275630 32
275786 59
275937 16
276080 18
276233 40
276379 43
276540 43
276690 62
276847 56
277000 35
277154 64
277291 54
277433 59
277582 43
277723 40
277871 43
278014 45
278162 35
278304 43
278455 45
278603 48
278753 51
278906 45
279042 51
279209 54
279347 40
279498 51
279649 62
279808 48
279963 35
280113 54
280258 16
280409 8
280563 29
280719 29
280852 24
281006 56
281149 62
281291 24
281427 32
281580 67
281725 62
281869 45
282016 18
282160 29
282316 29
282466 18
282615 27
282765 24
282909 27
283049 27
283190 27
283332 16
283492 10
283641 8
283779 13
283924 24
284072 16
284216 10
284357 16
284522 35
284669 2
284824 13
284965 16
285106 16
285246 24
285387 40
285556 37
285709 21
285867 56
286008 54
286149 43
286290 16
286434 16
286591 18
286742 21
286891 18
287036 21
287180 21
287321 16
287479 18
287633 16
287772 18
287928 18
288081 21
288217 27
288361 29
288505 24
288654 13
288794 29
288936 27
289081 8
289232 18
289374 29
289522 27
289671 32
289825 51
289969 48
290124 27
290275 45
290430 45
290576 45
290742 40
290875 45
291018 43
291168 43
291324 29
291470 24
291621 43
291762 37
291908 40
292061 29
292210 37
292357 35
292518 27
292665 21
292814 16
292957 2
293100 2
293241 5
293389 5
293546 2
293692 5
293833 2
293978 5
294127 5
294268 5
